Los coeficientes ai, bj son:

             a1=   -12.62307125010394
             a2=   -6.329055574271471
             a3=    10.01423611555419
             a4=   -7.513788145670160
             a5=   0.3743789440607219

             b1=  -0.9364766269724371E-01
             b2=   -5.498453005145477
             b3=   0.2576639559929956
             b4=    8.574691311502811
             b5=    1.002192471182164
             b6=    4.021924711821642

